00002575.jpg,1093,33,1347,299
00002576.jpg,1093,33,1347,299
00002577.jpg,1093,33,1347,299
00002578.jpg,1093,33,1347,299
00002579.jpg,1093,32,1347,298
00002580.jpg,1093,32,1347,298
00002581.jpg,1093,31,1347,297
00002582.jpg,1091,32,1345,298
00002583.jpg,1090,32,1344,298
00002584.jpg,1088,31,1342,297
00002585.jpg,1086,31,1340,297
00002586.jpg,1084,31,1338,297
00002587.jpg,1082,30,1336,296
00002588.jpg,1081,29,1335,295
00002589.jpg,1079,30,1333,296
00002590.jpg,1077,31,1331,297
00002591.jpg,1075,33,1329,299
00002592.jpg,1075,34,1329,300
00002593.jpg,1074,34,1328,300
00002594.jpg,1074,34,1328,300
00002595.jpg,1073,33,1327,299
00002596.jpg,1072,32,1326,298
00002597.jpg,1071,32,1325,298
00002598.jpg,1070,32,1324,298
00002599.jpg,1069,32,1323,298
00002600.jpg,1068,33,1322,299
00002601.jpg,1067,33,1321,299
00002602.jpg,1065,34,1319,300
00002603.jpg,1064,35,1318,301
00002604.jpg,1062,37,1316,303
00002605.jpg,1061,39,1315,305
00002606.jpg,1059,40,1313,306
00002607.jpg,1058,41,1312,307
00002608.jpg,1056,42,1310,308
00002609.jpg,1055,43,1309,309
00002610.jpg,1054,45,1308,311
00002611.jpg,1054,46,1308,312
00002612.jpg,1054,47,1308,313
00002613.jpg,1054,47,1308,313
00002614.jpg,1055,47,1309,313
00002615.jpg,1058,45,1312,311
00002616.jpg,1059,45,1313,311
00002617.jpg,1061,44,1315,310
00002618.jpg,1065,45,1319,311
00002619.jpg,1080,42,1334,308
00002620.jpg,1081,43,1335,309
00002621.jpg,1083,44,1337,310
00002622.jpg,1097,42,1344,309
00002623.jpg,1097,42,1344,309
00002624.jpg,1100,43,1347,310
00002625.jpg,1105,43,1352,310
00002626.jpg,1109,43,1356,310
00002627.jpg,1112,42,1359,309
00002628.jpg,1114,41,1361,308
00002629.jpg,1116,38,1363,305
00002630.jpg,1119,34,1366,301
00002631.jpg,1122,31,1369,298
00002632.jpg,1125,29,1372,296
00002633.jpg,1127,29,1374,296
00002634.jpg,1128,29,1375,296
00002635.jpg,1127,29,1374,296
00002636.jpg,1127,29,1374,296
00002637.jpg,1127,30,1374,297
00002638.jpg,1126,31,1373,298
00002639.jpg,1126,33,1373,300
00002640.jpg,1126,35,1373,302
00002641.jpg,1125,36,1372,303
00002642.jpg,1125,37,1372,304
00002643.jpg,1125,37,1372,304
00002644.jpg,1126,37,1373,304
00002645.jpg,1126,37,1373,304
00002646.jpg,1126,37,1373,304
00002647.jpg,1126,37,1373,304
00002648.jpg,1126,38,1373,305
00002649.jpg,1126,38,1373,305
00002650.jpg,1125,39,1372,306
00002651.jpg,1125,39,1372,306
00002652.jpg,1126,39,1373,306
00002653.jpg,1127,39,1374,306
00002654.jpg,1127,38,1374,305
00002655.jpg,1127,38,1374,305
00002656.jpg,1127,38,1374,305
00002657.jpg,1128,38,1375,305
00002658.jpg,1129,37,1376,304
00002659.jpg,1131,37,1378,304
00002660.jpg,1132,37,1379,304
00002661.jpg,1134,37,1381,304
00002662.jpg,1135,36,1382,303
00002663.jpg,1137,36,1384,303
00002664.jpg,1138,34,1385,301
00002665.jpg,1140,33,1387,300
00002666.jpg,1142,31,1389,298
00002667.jpg,1144,30,1391,297
00002668.jpg,1146,29,1393,296
00002669.jpg,1147,28,1394,295
00002670.jpg,1148,26,1395,293
00002671.jpg,1148,24,1395,291
00002672.jpg,1147,22,1394,289
00002673.jpg,1146,22,1393,289
00002674.jpg,1144,23,1391,290
00002675.jpg,1144,23,1391,290
